1000 400
2000 2805.6
3000 6868.4
4000 12412.6
5000 21460.4
6000 27122.6
7000 40583.2
8000 60922.4
9000 76621
10000 81201.2
11000 96881.6
12000 113996
13000 131779
14000 152144
15000 172700
16000 205915
17000 221778
18000 256363
19000 317398
20000 369041
21000 407106
22000 428713
23000 465951
24000 522082
25000 548373
26000 564976
27000 570852
28000 626002
29000 663755
30000 719361
31000 766921
32000 823137
33000 872018
34000 938090
35000 975033
36000 1.04313e+006
37000 1.1108e+006
38000 1.1683e+006
39000 1.28901e+006
40000 1.32479e+006
41000 1.35754e+006
42000 1.80356e+006
43000 2.26871e+006
44000 1.98773e+006
45000 1.8538e+006
46000 2.11902e+006
47000 2.06684e+006
48000 2.32417e+006
49000 2.59846e+006
50000 2.41014e+006
51000 2.28978e+006
52000 2.31908e+006
53000 2.60528e+006
54000 2.5978e+006
55000 2.54548e+006
56000 2.62872e+006
57000 2.70342e+006
58000 2.83687e+006
59000 2.93615e+006
60000 3.06543e+006
61000 3.13481e+006
62000 3.35422e+006
63000 3.82309e+006
64000 3.40801e+006
65000 3.88207e+006
66000 3.86195e+006
67000 3.81586e+006
68000 4.39734e+006
69000 4.00455e+006
70000 4.1458e+006
71000 4.28473e+006
72000 4.37143e+006
73000 4.54069e+006
74000 4.96021e+006
75000 5.02804e+006
76000 5.35545e+006
77000 5.02325e+006
78000 5.13024e+006
79000 5.32624e+006
80000 6.0056e+006
81000 5.64364e+006
82000 5.75126e+006
83000 5.85187e+006
84000 5.97812e+006
85000 6.16226e+006
86000 7.01178e+006
87000 6.53213e+006
88000 6.67445e+006
89000 6.80105e+006
90000 6.93955e+006
91000 7.10131e+006
92000 7.40773e+006
93000 7.45502e+006
94000 7.80152e+006
95000 7.72475e+006
96000 7.98758e+006
97000 8.0753e+006
98000 8.23379e+006
99000 8.43217e+006
100000 8.79614e+006
