1000 0
2000 0
3000 0
4000 2423
5000 1559.8
6000 191.6
7000 345.8
8000 763.8
9000 1508.2
10000 2709.2
11000 502
12000 1301.6
13000 2907
14000 5063.8
15000 2130.2
16000 5416
17000 7698.2
18000 4702.6
19000 2931
20000 4226.4
21000 7517.4
22000 1602.6
23000 8183.8
24000 6495
25000 4636.8
26000 7090.4
27000 6302.4
28000 4873
29000 8360.2
30000 6991.8
31000 7671.4
32000 4966.6
33000 7111.6
34000 7763.4
35000 6803.2
36000 6973.8
37000 8682.2
38000 15240.8
39000 7100.6
40000 7137
41000 9669.8
42000 7908
43000 10977.2
44000 9717
45000 6784
46000 8304.8
47000 7572.4
48000 7981.8
49000 8600.8
50000 9608.4
51000 9766.6
52000 11989.4
53000 12746.8
54000 20436.4
55000 17821.6
56000 13160.2
57000 9811.8
58000 10133.2
59000 11458.2
60000 12719
61000 12993.2
62000 19504.4
63000 11048.4
64000 13047
65000 12901.4
66000 12574.2
67000 16002.4
68000 17588
69000 11361.6
70000 15965.4
71000 13107.2
72000 13468.2
73000 18076.4
74000 13035.6
75000 15184.4
76000 14520.6
77000 20965.2
78000 17212.8
79000 20016.8
80000 17667.8
81000 18725.6
82000 20969
83000 21057
84000 24875.4
85000 17714.4
86000 19534.4
87000 20224.2
88000 20759.8
89000 23082.4
90000 19270.8
91000 22552.2
92000 22792.6
93000 26361.4
94000 28033.6
95000 22475
96000 23327.2
97000 19342.4
98000 25806.4
99000 19703.4
100000 18971.8  