1000 3198.8
2000 20514
3000 39290.2
4000 89302.6
5000 104486
6000 173618
7000 253915
8000 319852
9000 685262
10000 471648
11000 610531
12000 592148
13000 721964
14000 1.01054e+006
15000 1.51699e+006
16000 1.35734e+006
17000 1.38249e+006
18000 1.87901e+006
19000 1.67996e+006
20000 2.82824e+006
21000 3.66794e+006
22000 4.24418e+006
23000 3.60254e+006
24000 3.06987e+006
25000 3.45923e+006
26000 3.54643e+006
27000 3.7924e+006
28000 4.05458e+006
29000 4.45075e+006
30000 4.8277e+006
31000 4.8536e+006
32000 5.30486e+006
33000 5.41349e+006
34000 6.23745e+006
35000 6.39278e+006
36000 5.69111e+006
37000 6.38587e+006
38000 6.32014e+006
39000 6.68626e+006
40000 6.97522e+006
41000 7.74451e+006
42000 7.76843e+006
43000 8.4752e+006
44000 9.27313e+006
45000 9.29342e+006
46000 9.65094e+006
47000 9.69225e+006
48000 1.05312e+007
49000 1.1275e+007
50000 1.1646e+007
51000 1.25725e+007
52000 1.28175e+007
53000 1.29809e+007
54000 1.38372e+007
55000 1.35136e+007
56000 1.43599e+007
57000 1.48438e+007
58000 1.50716e+007
59000 1.67359e+007
60000 1.66634e+007
61000 1.67423e+007
62000 1.73635e+007
63000 1.79251e+007
64000 1.83686e+007
65000 1.96409e+007
66000 1.994e+007
67000 2.04764e+007
68000 2.11183e+007
69000 2.24716e+007
70000 2.223e+007
71000 2.49722e+007
72000 3.00295e+007
73000 2.90407e+007
74000 2.7623e+007
75000 2.72945e+007
76000 2.66065e+007
77000 2.84702e+007
78000 2.96042e+007
79000 3.19506e+007
80000 3.16783e+007
81000 3.22576e+007
82000 3.16467e+007
83000 3.13936e+007
84000 3.34862e+007
85000 3.31125e+007
86000 3.59582e+007
87000 3.56039e+007
88000 3.64145e+007
89000 4.00409e+007
90000 3.78707e+007
91000 3.78149e+007
92000 3.90989e+007
93000 4.02372e+007
94000 4.06921e+007
95000 4.15056e+007
96000 4.50341e+007
97000 4.69501e+007
98000 4.59402e+007
99000 4.71415e+007
100000 4.93481e+007
