1000 0
2000 399.8
3000 414.2
4000 600
5000 1014.4
6000 1000.6
7000 1486
8000 1605
9000 2193.6
10000 2591.4
11000 2535.2
12000 3656.4
13000 2108.6
14000 2200
15000 2467.6
16000 3599
17000 3005.4
18000 4002.8
19000 3512.4
20000 4147
21000 3830.6
22000 3646.2
23000 4255
24000 4597.6
25000 5615.2
26000 5595
27000 5009.4
28000 4992
29000 5741
30000 6734.6
31000 5699.8
32000 6144.8
33000 6303.8
34000 6994.2
35000 11729
36000 7883.6
37000 8006.4
38000 5801.4
39000 8400.2
40000 7209.4
41000 7999.2
42000 6791.8
43000 8607.6
44000 8115.2
45000 9178.8
46000 10007.6
47000 9394.6
48000 7786.2
49000 9084.6
50000 8275.8
51000 9373
52000 12381.8
53000 10184.2
54000 10014.4
55000 9381.6
56000 11903.2
57000 12739.6
58000 13110.8
59000 12402.4
60000 14508.6
61000 14961.8
62000 12668.6
63000 12682.4
64000 12140.8
65000 13342.4
66000 15524.8
67000 33555.4
68000 41408.6
69000 31374.2
70000 29992.8
71000 31956
72000 23745.2
73000 23571.8
74000 19933.2
75000 15787.4
76000 17288.2
77000 22955.8
78000 21877.8
79000 24671.2
80000 17400.8
81000 18190.8
82000 20908.4
83000 16907.6
84000 16688.8
85000 18836.8
86000 23384.4
87000 16400.6
88000 18835.8
89000 20371.4
90000 18334
91000 18605.2
92000 23949.4
93000 20993.8
94000 28627.8
95000 23791
96000 17836
97000 20770.2
98000 25142.6
99000 27591
100000 24568.4
