1000 1208.2
2000 5607.2
3000 15962.8
4000 24713.8
5000 37756.6
6000 52157
7000 70600.8
8000 94888
9000 131174
10000 144354
11000 172691
12000 200995
13000 236537
14000 276575
15000 313485
16000 373863
17000 420388
18000 456752
19000 503609
20000 562623
21000 620350
22000 688909
23000 757473
24000 830554
25000 897574
26000 951820
27000 1.05408e+006
28000 1.13272e+006
29000 1.22215e+006
30000 1.30017e+006
31000 1.39404e+006
32000 1.5011e+006
33000 1.57143e+006
34000 1.72172e+006
35000 1.7884e+006
36000 1.89965e+006
37000 2.01798e+006
38000 2.12894e+006
39000 2.2229e+006
40000 2.3938e+006
41000 2.44903e+006
42000 2.56968e+006
43000 2.71374e+006
44000 2.86556e+006
45000 2.98511e+006
46000 3.08909e+006
47000 3.20365e+006
48000 3.31577e+006
49000 3.49667e+006
50000 3.67386e+006
51000 3.75031e+006
52000 3.93529e+006
53000 4.08205e+006
54000 4.27024e+006
55000 4.41168e+006
56000 4.52558e+006
57000 4.81219e+006
58000 4.94372e+006
59000 5.23032e+006
60000 5.23433e+006
61000 5.55471e+006
62000 5.61056e+006
63000 5.85068e+006
64000 5.96882e+006
65000 6.18932e+006
66000 6.43269e+006
67000 6.62703e+006
68000 6.73774e+006
69000 6.99043e+006
70000 7.21675e+006
71000 7.38917e+006
72000 7.49978e+006
73000 7.72422e+006
74000 7.91716e+006
75000 8.39678e+006
76000 8.99256e+006
77000 8.81988e+006
78000 9.01167e+006
79000 9.04894e+006
80000 9.31314e+006
81000 9.76704e+006
82000 1.00248e+007
83000 1.02718e+007
84000 1.04931e+007
85000 1.06203e+007
86000 1.09322e+007
87000 1.12025e+007
88000 1.13412e+007
89000 1.15568e+007
90000 1.19319e+007
91000 1.21204e+007
92000 1.24111e+007
93000 1.25815e+007
94000 1.31759e+007
95000 1.3383e+007
96000 1.36111e+007
97000 1.37573e+007
98000 1.42459e+007
99000 1.59016e+007
100000 1.49052e+007
