1000 9510
2000 48301.2
3000 148854
4000 233680
5000 350479
6000 539482
7000 713789
8000 1.05022e+006
9000 1.2022e+006
10000 1.5194e+006
11000 1.97364e+006
12000 2.26455e+006
13000 2.82098e+006
14000 3.24156e+006
15000 3.82814e+006
16000 4.3685e+006
17000 4.71918e+006
18000 4.41131e+006
19000 4.60133e+006
20000 5.14851e+006
21000 5.64389e+006
22000 6.16809e+006
23000 3.99833e+007
24000 9.67702e+006
25000 1.0492e+007
26000 9.12451e+006
27000 1.16695e+007
28000 1.27215e+007
29000 1.42638e+007
30000 1.56309e+007
31000 1.56094e+007
32000 1.65826e+007
33000 1.75074e+007
34000 1.87797e+007
35000 2.05717e+007
36000 2.28287e+007
37000 2.27553e+007
38000 2.6668e+007
39000 2.78768e+007
40000 2.95371e+007
41000 3.08706e+007
42000 3.324e+007
43000 3.49617e+007
44000 3.61856e+007
45000 3.80077e+007
46000 3.97863e+007
47000 4.1314e+007
48000 4.95244e+007
49000 5.25445e+007
50000 5.27653e+007
51000 5.13086e+007
52000 6.22734e+007
53000 5.80898e+007
54000 6.47066e+007
55000 6.34891e+007
56000 6.33209e+007
57000 6.42277e+007
58000 6.33023e+007
59000 6.76983e+007
60000 6.95421e+007
61000 3.07527e+008
62000 5.68696e+007
63000 5.86774e+007
64000 6.06756e+007
65000 6.20487e+007
66000 3.79287e+008
67000 7.09697e+007
68000 7.32361e+007
69000 1.44962e+008
70000 1.90518e+008
71000 2.73785e+008
72000 2.57615e+008
73000 1.21502e+008
74000 1.05084e+008
75000 8.96407e+007
76000 2.22503e+008
77000 9.3199e+007
78000 9.43393e+007
79000 9.28956e+007
80000 9.50147e+007
81000 9.77932e+007
82000 1.00191e+008
83000 1.03426e+008
84000 1.04949e+008
85000 1.05579e+008
86000 1.09159e+008
87000 1.11434e+008
88000 1.13598e+008
89000 1.16348e+008
90000 1.20028e+008
91000 1.28945e+008
92000 1.42245e+008
93000 1.3924e+008
94000 1.51852e+008
95000 1.78108e+008
96000 1.60278e+008
97000 1.68479e+008
98000 1.7052e+008
99000 1.75812e+008
100000 1.73435e+008
